0	0.06839501
1	0.09841457
2	0.101437055
3	0.064651206
4	0.012643827
5	0.032115255
6	0.0655259
7	0.22377327
8	0.114255026
9	0.06772229
10	0.053544518
11	0.029197337
12	0.0
13	0.07029058
14	0.08302867
15	0.12022875
16	0.23407052
17	0.085299775
18	0.03512723
19	0.22282034
20	0.095931605
21	0.09769057
22	0.0486907
23	0.10491251
24	0.08421011
25	0.07186893
26	0.055834968
27	0.059171036
28	0.039940797
29	0.04846328
30	0.08360738
31	0.041129675
32	0.075068034
33	0.04109362
34	0.03948399
35	0.1154943
36	0.098235875
37	0.05585524
38	0.03031528
39	0.07608185
40	0.114660636
41	0.047619544
42	0.07581987
43	0.06938405
44	0.08775613
45	0.08084975
46	0.07639151
47	0.06808694
48	0.10253864
49	0.08421359
50	0.14270867
51	0.05465303
52	0.06549009
53	0.027821293
54	0.18068942
55	0.0920742
56	0.2190433
57	0.04120779
58	0.04125535
59	0.0849551
60	0.099076055
61	0.032069422
62	0.10438091
63	0.053457014
64	0.069019616
65	0.17066191
66	0.29153243
67	0.04429105
68	0.14159933
69	0.098645836
70	0.082692206
71	0.056337576
72	0.067532524
73	0.10892794
74	0.08694486
75	0.098256566
76	0.10494443
77	0.09060601
78	0.09499683
79	0.06307401
80	0.108936675
81	0.11410433
82	0.032126587
83	0.06802565
84	0.10631897
85	0.068626456
86	0.07267089
87	0.08659912
88	0.18396583
89	0.03680748
90	0.07371904
91	0.0726218
92	0.044831105
93	0.04078604
94	0.057513013
95	0.08429078
96	0.08400977
97	0.11143188
98	0.09126715
99	0.2952232
100	0.13813779
101	0.041131802
102	0.024178727
103	0.075736955
104	0.074055664
105	0.05242934
106	0.5555404
107	0.060990512
108	0.06925054
109	0.07498997
110	0.035932854
111	0.043903317
112	0.09084209
113	0.7362677
114	0.07882315
115	0.05093642
116	0.033516847
117	0.038485475
118	0.015730944
119	0.037719365
120	0.03342699
121	0.06749021
122	0.037930824
123	0.09795576
124	0.047955208
125	0.09794818
126	0.073303215
127	0.06215112
128	0.0674861
129	0.020013714
130	0.07085891
131	0.2098081
132	0.10364051
133	0.042578854
134	0.046119705
135	0.10396474
136	0.07558848
137	0.019779978
138	0.10016012
139	0.06792495
140	0.10448874
141	0.046728645
142	0.051355515
143	0.021033946
144	0.080592856
145	0.10489724
146	0.051607378
147	0.16347982
148	0.04032826
149	0.27185628
150	0.046558432
151	0.03324619
152	0.08615704
153	0.07200761
154	0.0650848
155	0.058275096
156	0.064513996
157	0.083619796
158	0.08198704
159	0.036050472
160	0.06813513
161	0.060766984
162	0.0386539
163	0.14639218
164	0.10656719
165	0.03967465
166	0.10315794
167	0.04931939
168	0.051124603
169	0.1076675
170	0.080349386
171	0.073516555
172	0.09888615
173	0.08242557
174	0.06939055
175	0.07139191
176	0.07739437
177	0.08890167
178	0.090468206
179	0.083204165
180	0.059157666
181	0.0568516
182	0.09113075
183	0.06981093
184	0.06544352
185	0.01592248
186	0.5327577
187	0.21263564
188	0.13834576
189	0.046548724
190	0.1152501
191	0.27710912
192	0.05280158
193	0.10316248
194	0.16476431
195	0.046009913
196	0.04605028
197	0.0804045
198	0.09528909
199	0.14946721
200	0.04692408
201	0.054290064
202	0.06719862
203	0.09410943
204	0.13178228
205	0.08778408
206	0.06587578
207	0.08115772
208	0.07703243
209	0.08435058
210	0.07061276
211	0.012038946
212	0.09239424
213	0.044534273
214	0.052603666
215	0.04602676
216	0.027038613
217	0.056125026
218	0.05453127
219	0.13338563
220	0.06679809
221	0.21267405
222	0.03697211
223	0.19790325
224	0.09156971
225	0.06569584
226	0.11885125
227	0.05234123
228	0.16167963
229	0.054271653
230	0.023443082
231	0.070695825
232	0.09421138
233	0.07921878
234	0.09343671
235	0.0597888
236	0.061987385
237	0.19023252
238	0.05760313
239	0.115504496
240	0.05782517
241	0.083262146
242	0.09669504
243	0.08778669
244	0.21319684
245	0.024418809
246	0.073647775
247	0.052674077
248	0.015077232
249	0.048364352
250	0.028270079
251	0.07427893
252	0.20497677
253	0.07891219
254	0.09065697
255	0.07722827
256	0.036384467
257	0.033376276
258	0.03948752
259	0.11147729
260	0.13308081
261	0.13202946
262	0.0819032
263	0.08562937
264	0.08428655
265	0.09721776
266	0.06479945
267	0.07270666
268	0.07782061
269	0.027279688
270	0.066747956
271	0.029808166
272	0.012964125
273	0.09704262
274	0.09555192
275	0.13592839
276	0.057060525
277	0.111589864
278	0.026122427
279	0.07309065
280	0.0724389
281	0.05522753
282	0.048301812
283	0.0852126
284	0.054061905
285	0.14872393
286	0.12936212
287	0.16997845
288	0.03899421
289	0.060177907
290	0.06289881
291	0.09244707
292	0.2609915
293	0.09352251
294	0.057247702
295	0.040236816
296	0.064897
297	0.09668882
298	0.13202268
299	0.14271042
300	0.113737255
301	0.048641052
302	0.046930708
303	0.04949757
304	0.065014236
305	0.064879715
306	0.10028285
307	0.07564969
308	0.13397816
309	0.05032209
310	0.054426596
311	0.046095777
312	0.07118547
313	0.058694255
314	0.065867186
315	0.07803567
316	0.024392966
317	0.048449013
318	0.08599509
319	0.06065739
320	0.0138753485
321	0.042833284
322	0.058183827
323	0.07292663
324	0.045208212
325	0.055786185
326	0.1605122
327	0.11788742
328	0.08930532
329	0.082623295
330	0.042818572
331	0.40377074
332	0.067859404
333	0.19433045
334	0.044066906
335	0.08991718
336	0.03331479
337	0.02083779
338	0.07525346
339	0.060189717
340	0.21382578
341	0.05107195
342	0.08423818
343	0.12691116
344	0.07855035
345	0.06609472
346	0.116862975
347	0.07596924
348	0.06822383
349	0.030530866
350	0.0670153
351	0.058833968
352	0.09960591
353	0.06313931
354	0.06290443
355	0.030213216
356	0.06628763
357	0.057862394
358	0.052836455
359	0.10040738
360	0.1804189
361	0.1518589
362	0.0917833
363	0.71724796
364	0.061064236
365	0.07127268
366	0.06316642
367	0.06755537
368	0.015466607
369	0.09342638
370	0.030839829
371	0.08849925
372	0.12598868
373	0.054153662
374	0.055985235
375	0.033855304
376	0.09995943
377	0.10892549
378	0.13150077
379	0.09839468
380	0.06280353
381	0.035505287
382	0.4604485
383	0.060383998
384	0.0232519
385	0.038594622
386	0.0736901
387	0.2746549
388	0.068285204
389	0.12191896
390	0.098139
391	0.03229784
392	0.05489541
393	0.12230671
394	0.08475894
395	0.120980725
396	0.12632155
397	0.05945768
398	0.06981278
399	0.47877955
400	0.05929325
401	0.074863784
402	0.05426296
403	0.06058269
404	0.062273413
405	0.12199226
406	0.08559717
407	0.3048973
408	0.089612246
409	0.024803722
410	0.74304813
411	0.05813101
412	0.11421162
413	0.110192366
414	0.021896606
415	0.057045665
416	0.03777594
417	0.114338204
418	0.07253564
419	0.052670185
420	0.045319766
421	0.085365914
422	0.049601953
423	0.13127218
424	0.053773575
425	0.036506396
426	0.07012196
427	0.078435645
428	0.08653249
429	0.055469774
430	0.022662217
431	0.10023533
432	0.13738726
433	0.06330765
434	0.22155772
435	0.06652813
436	0.074550375
437	0.018942539
438	0.058648083
439	0.049455013
440	0.12097727
441	0.10086138
442	0.0763421
443	0.069379285
444	0.1060117
445	0.09096951
446	0.060345415
447	0.06680053
448	0.06899586
449	0.0640396
450	0.06857109
451	0.10656655
452	0.06657371
453	0.07449735
454	0.067504525
455	0.029561969
456	0.058496512
457	0.058439445
458	0.07659745
459	0.11233134
460	0.068213284
461	0.118544854
462	0.05297533
463	0.06677863
464	0.044619713
465	0.02697395
466	0.53566885
467	0.07367496
468	0.097432874
469	0.032048147
470	0.023045806
471	0.06631751
472	0.042113483
473	0.09280376
474	0.11491246
475	0.080617145
476	0.18092376
477	0.07541178
478	0.07453508
479	0.08800813
480	0.023931248
481	0.14594747
482	0.09936915
483	0.5854435
484	0.030744761
485	0.06138564
486	0.037780475
487	0.0198983
488	0.048028424
489	0.055705156
490	0.046837714
491	0.090472974
492	0.2888834
493	0.046998784
494	0.06205234
495	0.03550271
496	0.043019876
497	0.100606956
498	0.043066084
499	0.013561285
500	0.07177068
501	0.06663409
502	0.084822275
503	0.12272049
504	0.1202787
505	0.10679702
506	0.06995871
507	0.057908736
508	0.06977179
509	0.10311048
510	0.074523106
511	0.0626035
512	0.07178356
513	0.06880195
514	0.11291088
515	0.11379252
516	0.07390878
517	0.04473628
518	0.05008018
519	0.024802301
520	0.07148235
521	0.03481503
522	0.05771309
523	0.05492111
524	0.09545138
525	0.024463965
526	0.07204734
527	0.078420416
528	0.06639373
529	0.05853224
530	0.040257763
531	0.055526078
532	0.09866874
533	0.072764866
534	0.057613973
535	0.073483445
536	0.092883766
537	0.041682538
538	0.11217716
539	0.28585362
540	0.08690137
541	0.06928891
542	0.061331693
543	0.0713366
544	0.13700128
545	0.05209292
546	0.050130073
547	0.038189303
548	0.062382407
549	0.11227899
550	0.017870186
551	0.14481461
552	0.07115091
553	0.08336247
554	0.16682072
555	0.0975807
556	0.0694446
557	0.20926917
558	0.07435574
559	0.080817595
560	0.15381543
561	0.121058226
562	0.037819583
563	0.062120233
564	0.024336362
565	0.066069625
566	0.07785173
567	0.13051154
568	0.016581526
569	0.043595262
570	0.035160292
571	0.08174845
572	0.17179471
573	0.06428769
574	0.15909117
575	0.0914167
576	0.06244257
577	0.24067268
578	0.1347913
579	0.08085867
580	0.096998386
581	0.048798457
582	0.11821198
583	0.07089317
584	0.016755702
585	0.053954516
586	0.08792618
587	0.06610033
588	0.059281144
589	0.13773823
590	0.09633449
591	0.092142664
592	0.08544815
593	0.053012833
594	0.067062736
595	0.16229689
596	0.15439509
597	0.07075484
598	0.058566686
599	0.024310213
600	0.043525536
601	0.123455934
602	0.04158314
603	0.036503587
604	0.037699077
605	0.06826565
606	0.0850568
607	0.07286306
608	0.10329183
609	0.5254171
610	0.06412373
611	0.07984072
612	0.06514405
613	0.12788437
614	0.10167452
615	0.1172316
616	0.043498874
617	0.10411561
618	0.30872735
619	0.08232278
620	0.03717183
621	0.039143194
622	0.09889498
623	0.067168765
624	0.04312405
625	0.11877314
626	0.10764958
627	0.044370774
628	0.04746306
629	0.105488665
630	0.042322595
631	0.083355896
632	0.06296388
633	0.08481303
634	0.16058464
635	0.060757425
636	0.1788178
637	0.16487832
638	0.03923205
639	0.06136659
640	0.034980185
641	0.07719936
642	0.050137814
643	0.08164628
644	0.08199558
645	0.12943564
646	0.0480031
647	0.09239769
648	0.014752402
649	0.012052198
650	0.17491855
651	0.051730156
652	0.04941186
653	0.032376714
654	0.13640127
655	0.08466171
656	0.11142621
657	0.06236511
658	0.09523012
659	0.13778736
660	0.1300027
661	0.02992455
662	0.09096206
663	0.08411554
664	0.082304336
665	0.054211535
666	0.046277065
667	0.05709827
668	0.08611789
669	0.12491381
670	0.062217385
671	0.09133842
672	0.20165357
673	0.059641607
674	0.07985514
675	0.16641584
676	0.065594986
677	0.08551902
678	0.024689602
679	0.072642505
680	0.10679178
681	0.05777552
682	0.085059516
683	0.029797679
684	0.021724755
685	0.08396525
686	0.06605972
687	0.07670668
688	0.0382346
689	0.07687392
690	0.05424885
691	0.06299903
692	0.02569582
693	0.033929564
694	0.019391704
695	0.14182
696	0.10422494
697	0.07909961
698	0.048269227
699	0.15640637
700	0.071782894
701	0.07835135
702	0.2560651
703	0.12619177
704	0.053261142
705	0.053444963
706	0.07403358
707	0.066497736
708	0.034042094
709	0.08935012
710	0.2126075
711	0.050845
712	0.124470636
713	0.08825116
714	0.10030532
715	0.042396177
716	0.056386787
717	0.06743847
718	0.0335105
719	0.07224277
720	0.12337301
721	0.07490898
722	0.08728668
723	0.06783305
724	0.020339847
725	0.09534843
726	0.09035074
727	0.025244849
728	0.058283936
729	0.08433631
730	0.05061737
731	0.14690438
732	0.021034814
733	0.053758696
734	0.09589363
735	0.08497083
736	0.050861288
737	0.066103555
738	0.04956449
739	0.08191415
740	0.55790013
741	0.09180751
742	0.037987363
743	0.10587191
744	0.669336
745	0.053790256
746	0.12939507
747	0.054651216
748	0.0572115
749	0.041582853
750	0.059941273
751	0.04283558
752	0.036433905
753	0.030330328
754	0.05591893
755	0.18036605
756	0.044238355
757	0.123495474
758	0.059110396
759	0.05878565
760	0.08909151
761	0.22328572
762	0.11818579
763	0.10958112
764	0.050953552
765	0.034448173
766	0.10307545
767	0.032313664
768	0.04909902
769	0.042084478
770	0.032426205
771	0.08948441
772	0.24529968
773	0.097572386
774	0.0676085
775	0.2034558
776	0.047467366
777	0.0756295
778	0.083289765
779	0.091264896
780	0.044962324
781	0.088717565
782	0.088037826
783	0.04279505
784	0.19289565
785	0.02927041
786	0.022214774
787	0.026477693
788	0.1618234
789	0.05012973
790	0.06148857
791	0.089400955
792	0.097418256
793	0.07001426
794	0.09553437
795	0.07731459
796	0.1103064
797	0.06811939
798	0.048776455
799	0.18721242
800	0.077452876
801	0.031969327
802	0.08343519
803	0.055897243
804	0.04054234
805	0.020737581
806	0.2925344
807	0.091505244
808	0.17301215
809	0.09399666
810	0.10925482
811	0.054213565
812	0.089086466
813	0.061680503
814	0.059390303
815	0.13657771
816	0.06113679
817	0.01829809
818	0.044096977
819	0.12164669
820	0.062028557
821	0.119446464
822	0.08866549
823	0.025910374
824	0.07259062
825	0.05853335
826	0.017491817
827	0.07742074
828	0.041531466
829	0.07047036
830	0.07925583
831	0.040982507
832	0.100937776
833	0.10459798
834	0.06616112
835	0.048307236
836	0.091093116
837	0.07142512
838	0.064334616
839	0.047003414
840	0.025887605
841	0.078818165
842	0.02210686
843	0.075309135
844	0.069464296
845	0.10166542
846	0.08286371
847	0.095052585
848	0.10806465
849	0.085118994
850	0.08850712
851	0.113692574
852	0.22757304
853	0.04056163
854	0.04897804
855	0.03552145
856	0.13306737
857	0.095944814
858	0.184126
859	0.10617303
860	0.058438994
861	0.2755147
862	0.053312607
863	0.062188238
864	0.06631119
865	0.2152308
866	0.10899482
867	0.07005232
868	0.045539234
869	0.05697305
870	0.046479825
871	0.10734372
872	0.046737287
873	0.052279614
874	0.037267808
875	0.17840049
876	0.080969915
877	0.07958388
878	0.082470775
879	0.011005698
880	0.0812348
881	0.08109867
882	0.12267915
883	0.0574077
884	0.0928354
885	0.05910318
886	0.074211076
887	0.10792778
888	0.11848223
889	0.09711253
890	0.14113343
891	0.09769076
892	0.060750812
893	0.06633662
894	0.04376248
895	0.10378678
896	0.06285351
897	0.075410515
898	0.28459036
899	0.11239193
900	0.10318765
901	0.109735854
902	0.060751274
903	0.06036827
904	0.0734306
905	0.17418595
906	0.084887676
907	0.049932774
908	0.0719735
909	0.053614125
910	0.037383094
911	0.084088564
912	0.0797445
913	0.09494476
914	0.06288915
915	0.05871149
916	0.033722054
917	0.08803226
918	0.042522646
919	0.06997599
920	0.070082076
921	0.068040974
922	0.66439563
923	0.06505502
924	0.070009574
925	0.36513206
926	0.81821805
927	0.011487116
928	0.033115488
929	0.022251122
930	0.116518065
931	0.098597296
932	0.12076356
933	0.3690661
934	0.29484996
935	0.40237895
936	0.3455953
937	0.3449024
938	0.31150326
939	0.34478292
940	0.14002505
941	0.37392107
942	0.31542936
943	0.10898282
944	0.08365232
945	0.3237356
946	0.3551819
947	0.35813606
948	0.313736
949	0.07560451
950	0.34544444
951	0.22767912
952	0.43593958
953	0.36757743
954	0.31132203
955	0.21110271
956	0.13494228
957	0.06020161
958	0.3987811
959	0.37409973
960	0.37375885
961	0.32470632
962	0.52190596
963	0.43302915
964	0.38806146
965	0.341912
966	0.37627128
967	0.33968565
968	0.3734514
969	0.2696425
970	0.334862
971	0.35748145
972	0.37682602
973	0.30199844
974	0.10299948
975	0.37991157
976	0.3855174
977	0.28505874
978	0.3586264
979	0.35723475
980	0.27508748
981	0.40211073
982	0.33303607
983	0.26727766
984	0.28743207
985	0.27229536
986	0.2346846
987	0.4590537
988	0.28589293
989	0.3385701
990	0.2669706
991	0.37120438
992	0.24550538
993	0.29830578
994	0.33999082
995	0.32456976
996	0.33658245
997	0.29335356
998	0.20995493
999	0.3603398
1000	0.31045213
1001	0.17574981
1002	0.3969008
1003	0.3939394
1004	0.20438638
1005	0.12704757
1006	0.35901365
1007	0.43285108
1008	0.30643198
1009	0.3696819
1010	0.4127345
1011	0.38580889
1012	0.34871978
1013	0.27585748
1014	0.31267503
1015	0.31790763
1016	0.29693848
1017	0.08413896
1018	0.23116094
1019	0.33717406
1020	0.37286067
1021	0.39196512
1022	0.10021585
1023	0.3565976
1024	0.21393178
1025	0.07532678
1026	0.30773807
1027	0.29399055
1028	0.21319655
1029	0.3766927
1030	0.19500783
1031	0.12206738
1032	0.35201988
1033	0.31778845
1034	0.26033318
1035	0.10285287
1036	0.21991608
1037	0.39364204
1038	0.38816014
1039	0.71900296
1040	0.3915735
1041	0.41239142
1042	0.35047975
1043	0.21807475
1044	0.18754493
1045	0.35524324
1046	0.12064874
1047	0.31903836
1048	0.3105949
1049	0.32495648
1050	0.37358454
1051	0.31464636
1052	0.36899346
1053	0.3074587
1054	0.3300943
1055	0.40802947
1056	0.2759867
1057	0.55815965
1058	0.06523741
1059	0.24012835
1060	0.19418764
1061	0.29451135
1062	0.4108833
1063	0.14647463
1064	0.36895555
1065	0.3178284
1066	0.2281671
1067	0.348482
1068	0.37313908
1069	0.15419118
1070	0.38972253
1071	0.16806988
1072	0.30390027
1073	0.8445393
1074	0.3685607
1075	0.34478232
1076	0.3098626
1077	0.41803235
1078	0.2907723
1079	0.39538106
1080	0.2939023
1081	0.2792638
1082	0.42744362
1083	0.19669668
1084	0.39739963
1085	0.36230758
1086	0.33758292
1087	0.30380052
1088	0.21958761
1089	0.21341114
1090	0.062270783
1091	0.29068518
1092	0.07289011
1093	0.31626767
1094	0.91632396
1095	0.33504316
1096	0.34999442
1097	0.07030154
1098	0.07802118
1099	0.48122358
1100	0.10347584
1101	0.7182102
1102	0.24058303
1103	0.3590038
1104	0.24725193
1105	0.33175778
1106	0.19832984
1107	0.2939808
1108	0.34017664
1109	0.42830163
1110	0.057686597
1111	0.15792118
1112	0.3988796
1113	0.2620502
1114	0.27952412
1115	0.31169266
1116	0.23603113
1117	0.20009726
1118	0.20924073
1119	0.33510515
1120	0.24917908
1121	0.14459985
1122	0.20719193
1123	0.060553573
1124	0.6226533
1125	0.73218113
1126	0.40544564
1127	0.42259225
1128	0.15129094
1129	0.5395053
1130	0.113662094
1131	0.33022448
1132	0.21564798
1133	0.42777002
1134	0.31601948
1135	0.19322096
1136	0.30575585
1137	0.31913456
1138	0.39095572
1139	0.38085958
1140	0.35539016
1141	0.14901082
1142	0.19784218
1143	0.21787243
1144	0.28038236
1145	0.344535
1146	0.6606809
1147	0.26009148
1148	0.38695323
1149	0.37608212
1150	0.2479265
1151	0.38278052
1152	0.38403773
1153	0.11317248
1154	0.07079448
1155	0.3209858
1156	0.38720447
1157	0.37008867
1158	0.39394873
1159	0.19987288
1160	0.09780302
1161	0.15487745
1162	0.27698225
1163	0.12044364
1164	0.3115739
1165	0.20361662
1166	0.39804462
1167	0.09108826
1168	0.19019268
1169	0.25470498
1170	0.3593359
1171	0.19228098
1172	0.38033402
1173	0.43867669
1174	0.23538676
1175	0.26640114
1176	0.17830206
1177	0.3432501
1178	0.226626
1179	0.62934816
1180	0.23810132
1181	0.408091
1182	0.42296538
1183	0.36341345
1184	0.37944734
1185	0.37699604
1186	0.41777065
1187	0.24624608
1188	0.25943345
1189	0.38501236
1190	0.41607538
1191	0.34640056
1192	0.32165474
1193	0.34035054
1194	0.31804562
1195	0.40724808
1196	0.3543762
1197	0.36928985
1198	0.3982261
1199	0.19295737
1200	0.21416749
1201	0.18807484
1202	0.3410114
1203	0.17001258
1204	0.3341384
1205	0.33962947
1206	0.2653329
1207	0.30456528
1208	0.36088195
1209	0.129849
1210	0.26871598
1211	0.31807265
1212	0.42229316
1213	0.32764232
1214	0.19891705
1215	0.2326096
1216	0.36888587
1217	0.07546996
1218	0.33604774
1219	0.3874092
1220	0.11245498
1221	0.63921726
1222	0.36015597
1223	0.2753575
1224	0.30850726
1225	0.41913906
1226	0.34933126
1227	0.13036129
1228	0.2097082
1229	0.3066627
1230	0.18769895
1231	0.3523043
1232	0.08379877
1233	0.4291029
1234	0.10530334
1235	0.40516454
1236	0.3381734
1237	0.627874
1238	0.614088
1239	0.608667
1240	0.49224195
1241	0.6060296
1242	0.43327636
1243	0.71793747
1244	0.31562248
1245	0.68728435
1246	0.6823668
1247	0.38062644
1248	0.44991133
1249	0.71720105
1250	0.7315824
1251	0.36369562
1252	0.2960354
1253	0.51349926
1254	0.3545257
1255	0.29777434
1256	0.20832647
1257	0.69444156
1258	0.58552295
1259	0.26970756
1260	0.31546593
1261	0.33031628
1262	0.6033105
1263	0.61914635
1264	0.36831826
1265	0.15991735
1266	0.6565108
1267	0.4074946
1268	0.74102443
1269	0.3728459
1270	0.07902961
1271	0.69517845
1272	0.7109906
1273	0.07860982
1274	0.31036687
1275	0.52558595
1276	0.42566612
1277	0.6529316
1278	0.31055924
1279	0.6253445
1280	0.4192618
1281	0.06700431
1282	0.41108865
1283	0.39049038
1284	0.6875231
1285	0.31921127
1286	0.6019554
1287	0.34502238
1288	0.027017608
1289	0.5521055
1290	0.5647981
1291	0.3892564
1292	0.24437405
1293	0.5112876
1294	0.5838431
1295	0.20426787
1296	0.20209503
1297	0.35557076
1298	0.69164675
1299	0.29785672
1300	0.681422
1301	0.67983586
1302	0.51329863
1303	0.3479307
1304	0.42670682
1305	0.38692445
1306	0.5461906
1307	0.68554854
1308	0.34012064
1309	0.6362255
1310	0.6072672
1311	0.35019904
1312	0.58182544
1313	0.54248816
1314	0.76747185
1315	0.6576528
1316	0.102028385
1317	0.3073738
1318	0.4432444
1319	0.27372348
1320	0.4715645
1321	0.39142644
1322	0.4189761
1323	0.043576177
1324	0.07380407
1325	0.6363932
1326	0.3716616
1327	0.7517682
1328	0.45311484
1329	0.30034125
1330	0.6413169
1331	0.3542003
1332	0.41858023
1333	0.36038432
1334	0.9536897
1335	0.37484273
1336	0.3329634
1337	0.6304367
1338	0.6330333
1339	0.3600779
1340	0.6706194
1341	0.61023957
1342	0.10785473
1343	0.1444359
1344	0.63093
1345	0.4565897
1346	0.5369882
1347	0.67625576
1348	0.30076805
1349	0.64766705
1350	0.6064414
1351	0.45300424
1352	0.6839381
1353	0.44261625
1354	0.4058766
1355	0.16736382
1356	0.46063423
1357	0.38612652
1358	0.24281321
1359	0.63784456
1360	0.24537073
1361	0.34027123
1362	0.66490954
1363	0.25395375
1364	0.24065498
1365	0.76921296
1366	0.602161
1367	0.6065301
1368	0.6142939
1369	0.4250216
1370	0.64722365
1371	0.664182
1372	0.078599155
1373	0.39980692
1374	0.6555162
1375	0.3920383
1376	0.42130294
1377	0.6754435
1378	0.77834904
1379	0.555908
1380	0.6827342
1381	0.5335609
1382	0.61684734
1383	0.3788043
1384	0.41504365
1385	0.23544063
1386	0.39640266
1387	0.679717
1388	0.37109262
1389	0.56219584
1390	0.35913286
1391	0.5909308
1392	0.2776352
1393	0.67803174
1394	0.67634416
1395	0.4138253
1396	0.55630046
1397	0.30371878
1398	0.6145065
1399	0.4314997
1400	0.48746043
1401	0.08161319
1402	0.5004207
1403	0.3946833
1404	0.45660663
1405	0.6603538
1406	0.44563827
1407	0.21150383
1408	0.33941525
1409	0.33073664
1410	0.5841396
1411	0.6686814
1412	0.478002
1413	0.30017707
1414	0.65521544
1415	0.37527803
1416	0.6918984
1417	0.33058557
1418	0.64356774
1419	0.32437912
1420	0.0844807
1421	0.35857219
1422	0.59890544
1423	0.14224765
1424	0.29024735
1425	0.5935029
1426	0.57290506
1427	0.32350087
1428	0.6482011
1429	0.37683198
1430	0.4411463
1431	0.7108148
1432	0.1138373
1433	0.34568873
1434	0.37623176
1435	0.31285483
1436	0.642618
1437	0.6475799
1438	0.42510292
1439	0.7665108
1440	0.23231226
1441	0.25404015
1442	0.5346816
1443	0.38323733
1444	0.37555873
1445	0.70703506
1446	0.6606128
1447	0.34151745
1448	0.6564012
1449	0.30863982
1450	0.16942957
1451	0.38405043
1452	0.7137362
1453	0.6755723
1454	0.37353432
1455	0.4781699
1456	0.79073757
1457	0.109240964
1458	0.39658296
1459	0.39947653
1460	0.36417633
1461	0.5465359
1462	0.22551326
1463	0.31364164
1464	0.43312833
1465	0.70728356
1466	0.38858846
1467	0.23902816
1468	0.62203014
1469	0.6695003
1470	0.21325704
1471	0.4382623
1472	0.10481065
1473	0.6606259
1474	0.6423125
1475	0.31251302
1476	0.21151336
1477	0.644353
1478	0.55223995
1479	0.13167068
1480	0.64166117
1481	0.5339485
1482	0.7042706
1483	0.49197924
1484	0.53892773
1485	0.71950454
1486	0.57897604
1487	0.38917437
1488	0.62727743
1489	0.5091857
1490	0.43680263
1491	0.40493062
1492	0.50919485
1493	0.40708447
1494	0.15859623
1495	0.19187856
1496	0.39340007
1497	0.4250928
1498	0.37527966
1499	0.4014819
1500	0.31829524
1501	0.46735114
1502	0.24051313
1503	0.07400581
1504	0.65283793
1505	0.6691936
1506	0.6693591
1507	0.388102
1508	0.12511727
1509	0.4561017
1510	0.6684052
1511	0.6388767
1512	0.26834738
1513	0.4891599
1514	0.5620982
1515	0.36604524
1516	0.72509795
1517	0.59855765
1518	0.42377666
1519	0.7025005
1520	0.17414714
1521	0.59845203
1522	0.27978018
1523	0.68741715
1524	0.7465942
1525	0.1895498
1526	0.7376385
1527	0.5107362
1528	0.6733679
1529	0.69093317
1530	0.57826257
1531	0.733139
1532	0.41580155
1533	0.29532906
1534	0.31817067
1535	0.72144693
1536	0.72245216
1537	0.42979562
1538	0.47345763
1539	0.453509
1540	0.24750522
1541	0.73168945
1542	0.39016965
1543	0.2983981
1544	0.5651781
1545	0.7029565
1546	0.63807666
1547	0.6528524
1548	0.70597005
1549	0.35338393
1550	0.59226406
1551	0.6598865
1552	0.33442068
1553	0.3189462
1554	0.29198104
1555	0.3625171
1556	0.59990466
1557	0.69649476
1558	0.6085842
1559	0.75437224
1560	0.5204369
1561	0.6884371
1562	0.6489204
1563	0.19584842
1564	0.63809973
1565	0.26546556
1566	0.4691646
1567	0.64005274
1568	0.18008755
1569	0.4984536
1570	0.36136612
1571	0.54181933
1572	0.6256237
1573	0.75871825
1574	0.74498206
1575	0.24768274
1576	0.3955457
1577	0.27401045
1578	0.15956333
1579	0.49656662
1580	0.6123709
1581	0.47274363
1582	0.47300825
1583	0.5486579
1584	0.7394234
1585	0.5045715
1586	0.36479914
1587	0.35482404
1588	0.5584956
1589	0.33349448
1590	0.5973202
1591	0.3373691
1592	0.7000426
1593	0.2835707
1594	0.3368979
1595	0.4753872
1596	0.6434705
1597	0.3530289
1598	0.42005268
1599	0.65926147
1600	0.66002065
1601	0.6528816
1602	0.36818743
1603	0.42404026
1604	0.590342
1605	0.09714048
1606	0.35566866
1607	0.6737846
1608	0.49186242
1609	0.6428671
1610	0.7057832
1611	0.7324729
1612	0.59071404
1613	0.2209372
1614	0.322567
1615	0.39006853
1616	0.3319063
1617	0.4226512
1618	0.16073214
1619	0.6457159
1620	0.55332977
1621	0.5647734
1622	0.64431304
1623	0.2387987
1624	0.22630994
1625	0.3462604
1626	0.45691913
1627	0.62215924
1628	0.34833613
1629	0.5891922
1630	0.64973235
1631	0.9838057
1632	0.56681854
1633	0.33058482
1634	0.118242025
1635	0.56436926
1636	0.28441742
1637	0.29869935
1638	0.3313381
1639	0.62946117
1640	0.3386755
1641	0.7005298
1642	0.5600594
1643	0.35390764
1644	0.665088
1645	0.5174605
1646	0.67440826
1647	0.37597665
1648	0.19318181
1649	0.54748845
1650	0.13348158
1651	0.45055643
1652	0.36759865
1653	0.415584
1654	0.4417468
1655	0.6459068
1656	0.6523356
1657	0.39028242
1658	0.41292968
1659	0.37231806
1660	0.6714473
1661	0.60375077
1662	0.33217633
1663	0.6918386
1664	0.14734703
1665	0.5853747
1666	0.19845411
1667	0.5330078
1668	0.64914775
1669	0.36062965
1670	0.0723879
1671	0.32853973
1672	0.071587265
1673	0.37246883
1674	0.48248297
1675	0.31340662
1676	0.103681765
1677	0.64966226
1678	0.6666905
1679	0.6077658
1680	0.21325096
1681	0.348893
1682	0.31526083
1683	0.691081
1684	0.6101259
1685	0.6160766
1686	0.58802134
1687	0.33070508
1688	0.6822776
1689	0.5665037
1690	0.728005
1691	0.2641483
1692	0.5489167
1693	0.32561052
1694	0.69008553
1695	0.43989784
1696	0.6120144
1697	0.2642579
1698	0.6217263
1699	0.4267475
1700	0.39097756
1701	0.3743955
1702	0.95111126
1703	0.37790677
1704	0.35946977
1705	0.6519555
1706	0.70854396
1707	0.6618608
1708	0.26582468
1709	0.37258133
1710	0.6809828
1711	0.5155005
1712	0.38943443
1713	0.08309988
1714	0.5785051
1715	0.6979287
1716	0.6148793
1717	0.110897355
1718	1.0
1719	0.5759491
1720	0.59174263
1721	0.49124613
1722	0.34557912
1723	0.69949394
1724	0.64352036
1725	0.68553364
1726	0.4215371
1727	0.20033795
1728	0.7035605
1729	0.40294918
1730	0.4897849
1731	0.6435799
1732	0.535624
1733	0.56714815
1734	0.504926
1735	0.5369063
1736	0.72340304
1737	0.3485235
1738	0.61221683
1739	0.6924641
1740	0.5270646
1741	0.66947037
1742	0.58861804
1743	0.23488647
1744	0.21736184
1745	0.42436752
1746	0.32295173
1747	0.6720375
1748	0.60072696
1749	0.6287429
1750	0.3870088
1751	0.6352589
1752	0.66144484
1753	0.50284094
1754	0.64867985
1755	0.7100293
1756	0.5499885
1757	0.55582744
1758	0.07048058
1759	0.6019798
1760	0.4867294
1761	0.589161
1762	0.7460205
1763	0.362786
1764	0.42118013
1765	0.62025803
1766	0.5872217
1767	0.45845363
1768	0.5199822
1769	0.4043188
1770	0.39585063
1771	0.47751674
1772	0.46666008
1773	0.6756049
1774	0.36277068
1775	0.57752526
1776	0.35044834
1777	0.6956603
1778	0.7879669
1779	0.37941647
1780	0.49674505
1781	0.3627217
1782	0.29428762
1783	0.28063405
1784	0.5606199
1785	0.2569154
1786	0.4251045
1787	0.6102015
1788	0.6776401
1789	0.3651447
1790	0.7665028
1791	0.6086248
1792	0.53121126
1793	0.6132205
1794	0.734283
1795	0.6743583
1796	0.38230002
1797	0.6972646
1798	0.68980235
1799	0.57886785
1800	0.39047223
1801	0.094421916
1802	0.44774136
1803	0.58993655
1804	0.41534877
1805	0.7154182
1806	0.6162025
1807	0.42759818
1808	0.49411115
1809	0.62222743
1810	0.3461842
1811	0.38385516
1812	0.16707923
1813	0.33825704
1814	0.39233056
1815	0.423549
1816	0.5744992
1817	0.46307757
1818	0.31970108
1819	0.61526906
1820	0.31058615
1821	0.366913
1822	0.68451744
1823	0.46982875
1824	0.3933688
1825	0.46182632
1826	0.3176246
1827	0.2419102
1828	0.57553166
1829	0.26091075
1830	0.6503829
1831	0.4554069
1832	0.4112281
1833	0.6042752
1834	0.61786866
1835	0.28613576
1836	0.6590671
1837	0.3822754
1838	0.49411064
1839	0.66680723
1840	0.53279734
1841	0.5061297
1842	0.6074785
1843	0.57012016
1844	0.5906976
1845	0.5364814
1846	0.65811145
1847	0.12882218
1848	0.41363627
1849	0.68178636
1850	0.38568044
1851	0.776747
1852	0.16721103
1853	0.48385364
1854	0.74307615
1855	0.35466772
1856	0.2581102
1857	0.14704898
1858	0.37499127
1859	0.32564363
1860	0.756787
1861	0.22577408
1862	0.5944339
1863	0.7159901
1864	0.47982237
1865	0.29012287
1866	0.4650566
1867	0.3846615
1868	0.6900742
1869	0.60869455
1870	0.31778014
1871	0.25378942
1872	0.57215047
1873	0.30139604
1874	0.34094697
1875	0.49591053
1876	0.3308721
1877	0.6643016
1878	0.22543448
1879	0.9697421
1880	0.07026219
1881	0.6263249
1882	0.7581805
1883	0.6728443
1884	0.29718262
1885	0.18007489
1886	0.4648154
1887	0.07671328
1888	0.24216108
1889	0.7380787
1890	0.40132475
1891	0.42914546
1892	0.7124264
1893	0.41417903
1894	0.3639625
1895	0.35775393
1896	0.37282184
1897	0.75675696
1898	0.12056069
1899	0.78581065
1900	0.6019586
1901	0.65919244
1902	0.43327585
1903	0.3013967
1904	0.6004637
1905	0.3695294
1906	0.5326225
1907	0.6595077
1908	0.5934138
1909	0.34050167
1910	0.61591434
1911	0.43995947
1912	0.7244057
1913	0.76398426
1914	0.5616107
1915	0.40915293
1916	0.6489098
1917	0.42472872
1918	0.5095335
1919	0.7303973
1920	0.5482672
1921	0.6646875
1922	0.6151092
1923	0.6446586
1924	0.5985904
1925	0.6768473
1926	0.71592385
1927	0.573061
1928	0.7318337
1929	0.7222542
1930	0.58145845
1931	0.35205922
1932	0.67234683
1933	0.50033045
1934	0.6138246
1935	0.6585854
1936	0.7030709
1937	0.65891975
1938	0.67004544
1939	0.67473817
1940	0.44464543
1941	0.6842768
1942	0.5248704
1943	0.55646354
1944	0.6080548
1945	0.64380515
1946	0.68563455
1947	0.6182432
1948	0.6234908
1949	0.67685753
1950	0.6642797
1951	0.68649286
1952	0.71959025
1953	0.6913663
1954	0.6151996
1955	0.65075034
1956	0.6585154
1957	0.6656394
1958	0.7318637
1959	0.6538619
1960	0.7243788
1961	0.6708353
1962	0.71314526
1963	0.5701639
1964	0.70010966
1965	0.6451857
1966	0.590932
1967	0.572207
1968	0.68701017
1969	0.68874955
1970	0.70168823
1971	0.60594726
1972	0.4890455
1973	0.6496731
1974	0.64370316
1975	0.72313404
1976	0.57552046
1977	0.64429605
1978	0.7015277
1979	0.68150485
1980	0.6813322
1981	0.695857
1982	0.67791015
1983	0.7094603
1984	0.587731
1985	0.48202807
1986	0.6745521
1987	0.6232601
1988	0.59784466
1989	0.6718981
1990	0.6416531
1991	0.74822074
1992	0.7000245
1993	0.6500657
1994	0.60712785
1995	0.6129309
1996	0.6135999
1997	0.37213835
1998	0.64177996
1999	0.6460568
2000	0.66952646
2001	0.7394591
2002	0.63777155
2003	0.65572685
2004	0.7357264
2005	0.6777468
2006	0.6292089
2007	0.5925608
2008	0.6329504
2009	0.5804051
2010	0.6741424
2011	0.64181066
2012	0.64603406
2013	0.6292562
2014	0.64415824
2015	0.67351556
2016	0.71048594
2017	0.687714
2018	0.6097831
2019	0.7311881
2020	0.71768606
2021	0.72830594
2022	0.7031782
2023	0.72319263
2024	0.6741884
2025	0.6846812
2026	0.6806823
2027	0.652176
2028	0.6305311
2029	0.7683791
2030	0.6887281
2031	0.6352771
2032	0.56192476
2033	0.63634145
2034	0.69711953
2035	0.69496685
2036	0.6278696
2037	0.6604355
2038	0.65901047
2039	0.6719424
2040	0.27756688
2041	0.7040886
2042	0.6529868
2043	0.60952103
2044	0.65556157
2045	0.6259225
2046	0.55993676
2047	0.56485444
2048	0.68341327
2049	0.726723
2050	0.5784581
2051	0.62888116
2052	0.6388303
2053	0.6469389
2054	0.7227456
2055	0.7202812
2056	0.6931567
2057	0.57691747
2058	0.6753203
2059	0.69356316
2060	0.6876329
2061	0.59806633
2062	0.5744576
2063	0.22826256
2064	0.6685108
2065	0.6832222
2066	0.75099075
2067	0.5851739
2068	0.6385637
2069	0.58570564
2070	0.6870716
2071	0.6574705
2072	0.69290847
2073	0.73782855
2074	0.6483742
2075	0.70315
2076	0.56960046
2077	0.66423786
2078	0.6227527
2079	0.6618045
2080	0.6819533
2081	0.60105574
2082	0.5403726
2083	0.71785617
2084	0.66213185
2085	0.6362577
2086	0.6377836
2087	0.7055297
2088	0.6257353
2089	0.6906345
2090	0.6167956
2091	0.5514573
2092	0.55100703
2093	0.8367664
2094	0.7087088
2095	0.6019198
2096	0.750571
2097	0.6104384
2098	0.7785904
2099	0.6182297
2100	0.63393575
2101	0.579152
2102	0.6300518
2103	0.60920733
2104	0.66443694
2105	0.5418195
2106	0.6285738
2107	0.6383408
2108	0.63150084
2109	0.5952865
2110	0.70063746
2111	0.62610316
2112	0.30006906
2113	0.5669733
2114	0.72650844
2115	0.678024
2116	0.6391871
2117	0.66778404
2118	0.7051214
2119	0.64840716
2120	0.61037093
2121	0.63633126
2122	0.63166344
2123	0.7229637
2124	0.73277795
2125	0.58652544
2126	0.63604236
2127	0.62197626
2128	0.6716218
2129	0.7175455
2130	0.718956
2131	0.6559056
2132	0.66209847
2133	0.63637424
2134	0.7215461
2135	0.49420798
2136	0.75788164
2137	0.64669776
2138	0.5705983
2139	0.6074888
2140	0.6950999
2141	0.692246
2142	0.66489154
2143	0.72593886
2144	0.6949593
2145	0.57109916
2146	0.70450264
2147	0.6286984
2148	0.6318386
2149	0.71006423
2150	0.6447723
2151	0.6210284
2152	0.66733474
2153	0.760598
2154	0.6250871
2155	0.64487976
2156	0.6390547
2157	0.72156584
2158	0.6358419
2159	0.54358536
2160	0.67113405
2161	0.62071466
2162	0.63095045
2163	0.63001823
2164	0.6355525
2165	0.63702476
2166	0.69564253
2167	0.6223872
2168	0.6766847
2169	0.68456674
2170	0.66119033
2171	0.6904121
2172	0.6773118
2173	0.5730658
2174	0.5778953
2175	0.6413961
2176	0.6844195
2177	0.71231157
2178	0.72132
2179	0.70048153
2180	0.6337831
2181	0.691453
2182	0.6070904
2183	0.7082888
2184	0.6192461
2185	0.67025054
2186	0.6026108
2187	0.6781192
2188	0.6425017
2189	0.6032118
2190	0.63379437
2191	0.7426244
2192	0.42043173
2193	0.7403891
2194	0.70099634
2195	0.6174609
2196	0.746678
2197	0.7077264
2198	0.5214571
2199	0.6636809
2200	0.6834732
2201	0.71899474
2202	0.69071656
2203	0.61129004
2204	0.72757566
2205	0.7175192
2206	0.62830585
2207	0.6402269
2208	0.710345
2209	0.6382749
2210	0.6573055
2211	0.62457675
2212	0.664997
2213	0.62380064
2214	0.7175237
2215	0.6745938
2216	0.48156157
2217	0.27592596
2218	0.7139327
2219	0.6599622
2220	0.5760738
2221	0.6521414
2222	0.6981406
2223	0.6790986
2224	0.6856353
2225	0.5902953
2226	0.5662777
2227	0.47489035
2228	0.61403644
2229	0.45151407
2230	0.60351694
2231	0.69584006
2232	0.63684684
2233	0.58044326
2234	0.6496665
2235	0.7010116
2236	0.6092725
2237	0.59304583
2238	0.6804623
2239	0.6388442
2240	0.651115
2241	0.6799475
2242	0.65986407
2243	0.61991787
2244	0.7130357
2245	0.682276
2246	0.6237691
2247	0.6130355
2248	0.6260337
2249	0.544887
2250	0.652329
2251	0.6766073
2252	0.69915503
2253	0.6644947
2254	0.6929581
2255	0.64833087
2256	0.6465844
2257	0.6224839
2258	0.68876016
2259	0.66768014
2260	0.6828653
2261	0.66085565
2262	0.6041521
2263	0.66551703
2264	0.58487153
2265	0.6504561
2266	0.6984816
2267	0.5390491
2268	0.67081654
2269	0.66606426
2270	0.6879603
2271	0.5579229
2272	0.45596054
2273	0.43432623
2274	0.67387617
2275	0.6001854
2276	0.6470771
2277	0.6462674
2278	0.66133034
2279	0.6440234
2280	0.6669261
2281	0.5802815
2282	0.69463164
2283	0.5717007
2284	0.73573196
2285	0.632412
2286	0.6477239
2287	0.662049
2288	0.6783126
2289	0.6136615
2290	0.54281074
2291	0.60114986
2292	0.3531983
2293	0.7063293
2294	0.37636337
2295	0.6692696
2296	0.67109495
2297	0.21229531
2298	0.69665164
2299	0.65043277
2300	0.6591111
2301	0.6550841
2302	0.71565884
2303	0.7027848
2304	0.5894694
2305	0.61135983
2306	0.7226869
2307	0.71436447
2308	0.66047686
2309	0.7292634
2310	0.57367164
2311	0.6174914
2312	0.6335376
2313	0.6801625
2314	0.65180326
2315	0.23530516
2316	0.669756
2317	0.5754582
2318	0.5904816
2319	0.6391971
2320	0.64298993
2321	0.69462824
2322	0.6535706
2323	0.6763152
2324	0.7058553
2325	0.667691
2326	0.756346
2327	0.62919915
2328	0.68616295
2329	0.5772235
2330	0.68310297
2331	0.6955398
2332	0.48801035
2333	0.61569005
2334	0.7344999
2335	0.653671
2336	0.5113001
2337	0.6438841
2338	0.5703913
2339	0.5652672
2340	0.6813938
2341	0.6515015
2342	0.60743296
2343	0.61950374
2344	0.71897775
2345	0.6381929
2346	0.6091321
2347	0.7359725
2348	0.68173057
2349	0.69422156
2350	0.65569264
2351	0.6580658
2352	0.5478255
2353	0.6729559
2354	0.6787541
2355	0.56984556
2356	0.6837744
2357	0.6440108
2358	0.70886797
2359	0.663806
2360	0.71013427
2361	0.60378546
2362	0.65630233
2363	0.6702691
2364	0.6580764
2365	0.6074547
2366	0.61550725
2367	0.6283092
2368	0.5830573
2369	0.6627301
2370	0.5331031
2371	0.64868534
2372	0.61215633
2373	0.65926224
2374	0.6784071
2375	0.60117155
2376	0.6987552
2377	0.6619021
2378	0.6352351
2379	0.67440724
2380	0.6481747
2381	0.6568047
2382	0.6927944
2383	0.6851614
2384	0.7268104
2385	0.70426697
2386	0.6471953
2387	0.61853945
2388	0.71103907
2389	0.6675675
2390	0.5055777
2391	0.49193895
2392	0.7616849
2393	0.6038753
2394	0.6706525
2395	0.77617127
2396	0.5547028
2397	0.63886476
2398	0.63025206
2399	0.6971814
2400	0.7054571
2401	0.62156576
2402	0.6895247
2403	0.6557107
2404	0.7330392
2405	0.7149891
2406	0.6334986
2407	0.6448148
2408	0.59750813
2409	0.6316419
2410	0.5734423
2411	0.69361746
2412	0.64681315
2413	0.6308414
2414	0.5571584
2415	0.7407617
2416	0.6886343
2417	0.4535801
2418	0.6207455
2419	0.68703264
2420	0.6916147
2421	0.62379026
2422	0.6675571
2423	0.6776801
2424	0.6259473
2425	0.60818434
2426	0.6206614
2427	0.44707096
2428	0.64715964
2429	0.6021764
2430	0.6344099
2431	0.6999246
2432	0.69589376
2433	0.6076559
2434	0.7081942
2435	0.6457785
2436	0.6985204
2437	0.22288924
2438	0.63560474
2439	0.5995043
2440	0.39244118
2441	0.66710925
2442	0.62004834
2443	0.58910495
2444	0.597198
2445	0.7067925
2446	0.6831163
2447	0.6446049
2448	0.65722317
2449	0.6318733
2450	0.69795614
2451	0.7698896
2452	0.6530112
2453	0.648502
2454	0.535925
2455	0.59465104
2456	0.6183278
2457	0.6104102
2458	0.67262506
2459	0.6379358
2460	0.5775868
2461	0.64993125
2462	0.40881288
2463	0.68535954
2464	0.6749702
2465	0.6325992
2466	0.7056745
2467	0.7103015
2468	0.63698685
2469	0.684175
2470	0.67137533
2471	0.6613304
2472	0.73216736
2473	0.70289123
2474	0.7811664
2475	0.71195644
2476	0.585992
2477	0.596622
2478	0.66733813
2479	0.70891744
2480	0.7134174
2481	0.62236756
2482	0.686719
2483	0.62175137
2484	0.6035871
2485	0.6551384
2486	0.6166842
2487	0.669099
2488	0.5984867
2489	0.62441844
2490	0.7482205
2491	0.6429843
2492	0.6688411
2493	0.6532013
2494	0.74212277
2495	0.62423015
2496	0.661759
2497	0.56864315
2498	0.72722685
2499	0.49083108
2500	0.6595921
2501	0.6451685
2502	0.6338638
2503	0.411947
2504	0.6564109
2505	0.6910376
2506	0.7440832
2507	0.7213473
2508	0.7219582
2509	0.7031577
2510	0.71303695
2511	0.6828867
2512	0.6563014
2513	0.662746
2514	0.6469129
2515	0.6967655
2516	0.6628892
2517	0.6664917
2518	0.5286247
2519	0.6672903
2520	0.7370323
2521	0.6607753
2522	0.5934999
2523	0.68875545
2524	0.6960855
2525	0.6850765
2526	0.5951815
2527	0.7011898
2528	0.632143
2529	0.5564986
2530	0.67515904
2531	0.281198
2532	0.6324098
2533	0.6516728
2534	0.6151124
2535	0.63692486
2536	0.23622899
2537	0.6286149
2538	0.68547815
2539	0.7457436
2540	0.62048495
2541	0.636169
2542	0.7286408
2543	0.7089692
2544	0.59204954
2545	0.6906944
2546	0.5578739
2547	0.58212984
2548	0.5732122
2549	0.6163449
2550	0.6549231
2551	0.7035549
2552	0.59632576
2553	0.6613546
2554	0.6273445
2555	0.68799496
2556	0.6661449
2557	0.6480419
2558	0.6320272
2559	0.29374543
2560	0.6637226
2561	0.67265195
2562	0.5722885
2563	0.6147096
2564	0.6226527
2565	0.4527342
2566	0.5844023
2567	0.6619111
2568	0.76336426
2569	0.6718
2570	0.5808493
2571	0.67424744
2572	0.65989846
2573	0.60806346
2574	0.69885594
2575	0.6394849
2576	0.6582263
2577	0.6871564
2578	0.5474343
2579	0.68303007
2580	0.6892854
2581	0.52582973
2582	0.62914795
2583	0.56024146
2584	0.75565547
2585	0.63527256
2586	0.55963415
2587	0.69297826
2588	0.6615083
2589	0.6514709
2590	0.721011
2591	0.7071234
2592	0.5439545
2593	0.69800645
2594	0.7075984
2595	0.69619673
2596	0.5809389
2597	0.6268336
2598	0.5342135
2599	0.67380977
2600	0.65461385
2601	0.38006064
2602	0.6083158
2603	0.62113756
2604	0.68220615
2605	0.61806864
2606	0.64786947
2607	0.7354687
2608	0.6196362
2609	0.72064084
2610	0.68081146
2611	0.6673474
2612	0.56289667
2613	0.5805715
2614	0.6943773
2615	0.68285567
2616	0.5745682
2617	0.6537913
2618	0.68668956
2619	0.6008924
2620	0.70177954
2621	0.69374657
2622	0.28751636
2623	0.22098349
2624	0.6630302
2625	0.5182194
2626	0.6839529
2627	0.7140329
2628	0.7265649
2629	0.712693
2630	0.6657857
2631	0.7170303
2632	0.6352894
2633	0.72004414
2634	0.6042107
2635	0.68391484
2636	0.5824585
2637	0.71516037
2638	0.6640583
2639	0.7145365
2640	0.56419456
2641	0.7107573
2642	0.5342437
2643	0.6679747
2644	0.61251026
2645	0.63949525
2646	0.6620886
2647	0.63685447
2648	0.6528671
2649	0.6658247
2650	0.58081377
2651	0.6446973
2652	0.7469774
2653	0.5695216
2654	0.56114846
2655	0.68669385
2656	0.6394284
2657	0.571313
2658	0.68222255
2659	0.702695
2660	0.32527146
2661	0.51841056
2662	0.6631706
2663	0.64736027
2664	0.63700014
2665	0.7107072
2666	0.7030482
2667	0.149806
2668	0.65039
2669	0.6678232
2670	0.61115766
2671	0.65056586
2672	0.37149298
2673	0.6949293
2674	0.63002205
2675	0.597386
2676	0.66497546
2677	0.67061687
2678	0.5967985
2679	0.59578073
2680	0.6675792
2681	0.08883642
2682	0.5642451
2683	0.6621516
2684	0.69591814
2685	0.7026593
2686	0.6445958
2687	0.6267033
2688	0.6575869
2689	0.63593364
2690	0.68639916
2691	0.6124493
2692	0.6213325
2693	0.72255087
2694	0.6779964
2695	0.6471251
2696	0.6266653
2697	0.6568332
2698	0.41904455
2699	0.58778036
2700	0.6142477
2701	0.7079012
2702	0.6572107
2703	0.6852458
2704	0.680669
2705	0.5702456
2706	0.5696072
2707	0.6525976
2708	0.57109284
2709	0.6637031
2710	0.65253943
2711	0.6958976
2712	0.6772893
2713	0.62323034
2714	0.6719719
2715	0.6938379
2716	0.69629
